0.000000e+00 1.000000e+00 0.000000e+00
3.200000e-02 9.998293e-01 -3.921348e-05
6.400000e-02 9.993175e-01 -1.537002e-04
9.600000e-02 9.984647e-01 -3.341886e-04
1.280000e-01 9.972716e-01 -5.658485e-04
1.600000e-01 9.957388e-01 -8.291898e-04
1.920000e-01 9.938673e-01 -1.101252e-03
2.240000e-01 9.916583e-01 -1.357022e-03
2.560000e-01 9.891131e-01 -1.571004e-03
2.880000e-01 9.862332e-01 -1.718848e-03
3.200000e-01 9.830205e-01 -1.778965e-03
3.520000e-01 9.794769e-01 -1.734022e-03
3.840000e-01 9.756046e-01 -1.572234e-03
4.160000e-01 9.714059e-01 -1.288387e-03
4.480000e-01 9.668834e-01 -8.845224e-04
4.800000e-01 9.620399e-01 -3.702337e-04
5.120000e-01 9.568784e-01 2.374466e-04
5.440000e-01 9.514020e-01 9.145787e-04
5.760000e-01 9.456141e-01 1.631250e-03
6.080000e-01 9.395181e-01 2.352879e-03
6.400000e-01 9.331179e-01 3.041827e-03
6.720000e-01 9.264172e-01 3.659248e-03
7.040000e-01 9.194203e-01 4.167092e-03
7.360000e-01 9.121313e-01 4.530159e-03
7.680000e-01 9.045547e-01 4.718100e-03
8.000000e-01 8.966951e-01 4.707267e-03
8.320000e-01 8.885573e-01 4.482310e-03
8.640000e-01 8.801461e-01 4.037423e-03
8.960000e-01 8.714668e-01 3.377186e-03
9.280000e-01 8.625244e-01 2.516914e-03
9.600000e-01 8.533246e-01 1.482504e-03
9.920000e-01 8.438727e-01 3.097561e-04
1.024000e+00 8.341745e-01 -9.568236e-04
1.056000e+00 8.242358e-01 -2.265688e-03
1.088000e+00 8.140627e-01 -3.560332e-03
1.120000e+00 8.036611e-01 -4.781700e-03
1.152000e+00 7.930374e-01 -5.870830e-03
1.184000e+00 7.821979e-01 -6.771600e-03
1.216000e+00 7.711491e-01 -7.433466e-03
1.248000e+00 7.598975e-01 -7.814060e-03
1.280000e+00 7.484499e-01 -7.881516e-03
1.312000e+00 7.368130e-01 -7.616411e-03
1.344000e+00 7.249939e-01 -7.013220e-03
1.376000e+00 7.129994e-01 -6.081187e-03
1.408000e+00 7.008366e-01 -4.844566e-03
1.440000e+00 6.885127e-01 -3.342190e-03
1.472000e+00 6.760351e-01 -1.626363e-03
1.504000e+00 6.634109e-01 2.388965e-04
1.536000e+00 6.506476e-01 2.180209e-03
1.568000e+00 6.377526e-01 4.117692e-03
1.600000e+00 6.247335e-01 5.968219e-03
1.632000e+00 6.115978e-01 7.648945e-03
1.664000e+00 5.983532e-01 9.080951e-03
1.696000e+00 5.850072e-01 1.019285e-02
1.728000e+00 5.715677e-01 1.092419e-02
1.760000e+00 5.580422e-01 1.122849e-02
1.792000e+00 5.444387e-01 1.107582e-02
1.824000e+00 5.307647e-01 1.045467e-02
1.856000e+00 5.170282e-01 9.373122e-03
1.888000e+00 5.032369e-01 7.859259e-03
1.920000e+00 4.893987e-01 5.960618e-03
1.952000e+00 4.755213e-01 3.742857e-03
1.984000e+00 4.616125e-01 1.287571e-03
2.016000e+00 4.476800e-01 -1.310658e-03
2.048000e+00 4.337318e-01 -3.947859e-03
2.080000e+00 4.197755e-01 -6.514795e-03
2.112000e+00 4.058188e-01 -8.901445e-03
2.144000e+00 3.918693e-01 -1.100166e-02
2.176000e+00 3.779349e-01 -1.271782e-02
2.208000e+00 3.640229e-01 -1.396522e-02
2.240000e+00 3.501410e-01 -1.467612e-02
2.272000e+00 3.362967e-01 -1.480312e-02
2.304000e+00 3.224975e-01 -1.432183e-02
2.336000e+00 3.087506e-01 -1.323262e-02
2.368000e+00 2.950633e-01 -1.156135e-02
2.400000e+00 2.814430e-01 -9.359111e-03
2.432000e+00 2.678967e-01 -6.700782e-03
2.464000e+00 2.544315e-01 -3.682646e-03
2.496000e+00 2.410545e-01 -4.189672e-04
2.528000e+00 2.277723e-01 2.962268e-03
2.560000e+00 2.145920e-01 6.324318e-03
2.592000e+00 2.015200e-01 9.527158e-03
2.624000e+00 1.885631e-01 1.243325e-02
2.656000e+00 1.757276e-01 1.491338e-02
2.688000e+00 1.630200e-01 1.685227e-02
2.720000e+00 1.504464e-01 1.815385e-02
2.752000e+00 1.380129e-01 1.874573e-02
2.784000e+00 1.257256e-01 1.858299e-02
2.816000e+00 1.135903e-01 1.765073e-02
2.848000e+00 1.016127e-01 1.596557e-02
2.880000e+00 8.979839e-02 1.357584e-02
2.912000e+00 7.815278e-02 1.056041e-02
2.944000e+00 6.668118e-02 7.026293e-03
2.976000e+00 5.538875e-02 3.104899e-03
3.008000e+00 4.428046e-02 -1.052702e-03
3.040000e+00 3.336118e-02 -5.281546e-03
3.072000e+00 2.263558e-02 -9.409244e-03
3.104000e+00 1.210818e-02 -1.326293e-02
3.136000e+00 1.783362e-03 -1.667639e-02
3.168000e+00 -8.334684e-03 -1.949718e-02
3.200000e+00 -1.824192e-02 -2.159322e-02
3.232000e+00 -2.793448e-02 -2.285885e-02
3.264000e+00 -3.740867e-02 -2.321988e-02
3.296000e+00 -4.666096e-02 -2.263745e-02
3.328000e+00 -5.568801e-02 -2.111060e-02
3.360000e+00 -6.448663e-02 -1.867723e-02
3.392000e+00 -7.305384e-02 -1.541360e-02
3.424000e+00 -8.138681e-02 -1.143214e-02
3.456000e+00 -8.948291e-02 -6.877724e-03
3.488000e+00 -9.733967e-02 -1.922583e-03
3.520000e+00 -1.049548e-01 3.240146e-03
3.552000e+00 -1.123263e-01 8.403815e-03
3.584000e+00 -1.194521e-01 1.335643e-02
3.616000e+00 -1.263306e-01 1.788926e-02
3.648000e+00 -1.329602e-01 2.180546e-02
3.680000e+00 -1.393395e-01 2.492851e-02
3.712000e+00 -1.454674e-01 2.710997e-02
3.744000e+00 -1.513429e-01 2.823629e-02
3.776000e+00 -1.569651e-01 2.823430e-02
3.808000e+00 -1.623335e-01 2.707533e-02
3.840000e+00 -1.674476e-01 2.477740e-02
3.872000e+00 -1.723071e-01 2.140571e-02
3.904000e+00 -1.769120e-01 1.707114e-02
3.936000e+00 -1.812623e-01 1.192684e-02
3.968000e+00 -1.853584e-01 6.163000e-03
4.000000e+00 -1.892006e-01 -7.355228e-16
4.032000e+00 -1.927897e-01 -6.319860e-03
4.064000e+00 -1.961264e-01 -1.254174e-02
4.096000e+00 -1.992117e-01 -1.840837e-02
4.128000e+00 -2.020468e-01 -2.367054e-02
4.160000e+00 -2.046330e-01 -2.809743e-02
4.192000e+00 -2.069718e-01 -3.148661e-02
4.224000e+00 -2.090648e-01 -3.367293e-02
4.256000e+00 -2.109139e-01 -3.453624e-02
4.288000e+00 -2.125211e-01 -3.400747e-02
4.320000e+00 -2.138885e-01 -3.207265e-02
4.352000e+00 -2.150183e-01 -2.877494e-02
4.384000e+00 -2.159131e-01 -2.421429e-02
4.416000e+00 -2.165755e-01 -1.854475e-02
4.448000e+00 -2.170082e-01 -1.196964e-02
4.480000e+00 -2.172141e-01 -4.734433e-03
4.512000e+00 -2.171962e-01 2.882133e-03
4.544000e+00 -2.169578e-01 1.057859e-02
4.576000e+00 -2.165021e-01 1.804242e-02
4.608000e+00 -2.158326e-01 2.496251e-02
4.640000e+00 -2.149528e-01 3.104187e-02
4.672000e+00 -2.138665e-01 3.601003e-02
4.704000e+00 -2.125776e-01 3.963478e-02
4.736000e+00 -2.110898e-01 4.173258e-02
4.768000e+00 -2.094073e-01 4.217729e-02
4.800000e+00 -2.075343e-01 4.090678e-02
4.832000e+00 -2.054750e-01 3.792715e-02
4.864000e+00 -2.032338e-01 3.331426e-02
4.896000e+00 -2.008151e-01 2.721249e-02
4.928000e+00 -1.982236e-01 1.983071e-02
4.960000e+00 -1.954639e-01 1.143550e-02
4.992000e+00 -1.925406e-01 2.341901e-03
5.024000e+00 -1.894588e-01 -7.098073e-03
5.056000e+00 -1.862232e-01 -1.650869e-02
5.088000e+00 -1.828388e-01 -2.550507e-02
5.120000e+00 -1.793106e-01 -3.370855e-02
5.152000e+00 -1.756439e-01 -4.076215e-02
5.184000e+00 -1.718437e-01 -4.634561e-02
5.216000e+00 -1.679152e-01 -5.018939e-02
5.248000e+00 -1.638637e-01 -5.208696e-02
5.280000e+00 -1.596946e-01 -5.190491e-02
5.312000e+00 -1.554133e-01 -4.959039e-02
5.344000e+00 -1.510250e-01 -4.517556e-02
5.376000e+00 -1.465352e-01 -3.877871e-02
5.408000e+00 -1.419494e-01 -3.060195e-02
5.440000e+00 -1.372731e-01 -2.092550e-02
5.472000e+00 -1.325117e-01 -1.009872e-02
5.504000e+00 -1.276708e-01 1.472002e-03
5.536000e+00 -1.227559e-01 1.333784e-02
5.568000e+00 -1.177725e-01 2.502435e-02
5.600000e+00 -1.127262e-01 3.604980e-02
5.632000e+00 -1.076224e-01 4.594422e-02
5.664000e+00 -1.024668e-01 5.426873e-02
5.696000e+00 -9.726474e-02 6.063401e-02
5.728000e+00 -9.202178e-02 6.471755e-02
5.760000e+00 -8.674338e-02 6.627859e-02
5.792000e+00 -8.143498e-02 6.517039e-02
5.824000e+00 -7.610198e-02 6.134912e-02
5.856000e+00 -7.074978e-02 5.487890e-02
5.888000e+00 -6.538370e-02 4.593283e-02
5.920000e+00 -6.000905e-02 3.478960e-02
5.952000e+00 -5.463107e-02 2.182594e-02
5.984000e+00 -4.925498e-02 7.504932e-03
6.016000e+00 -4.388592e-02 -7.639501e-03
6.048000e+00 -3.852897e-02 -2.302138e-02
6.080000e+00 -3.318917e-02 -3.802409e-02
6.112000e+00 -2.787147e-02 -5.202380e-02
6.144000e+00 -2.258079e-02 -6.441389e-02
6.176000e+00 -1.732192e-02 -7.462956e-02
6.208000e+00 -1.209963e-02 -8.217168e-02
6.240000e+00 -6.918571e-03 -8.662893e-02
6.272000e+00 -1.783334e-03 -8.769728e-02
6.304000e+00 3.301585e-03 -8.519599e-02
6.336000e+00 8.331778e-03 -7.907951e-02
6.368000e+00 1.330293e-02 -6.944453e-02
6.400000e+00 1.821081e-02 -5.653178e-02
6.432000e+00 2.305131e-02 -4.072250e-02
6.464000e+00 2.782040e-02 -2.252927e-02
6.496000e+00 3.251415e-02 -2.581538e-03
6.528000e+00 3.712876e-02 1.839387e-02
6.560000e+00 4.166052e-02 3.959666e-02
6.592000e+00 4.610583e-02 6.018075e-02
6.624000e+00 5.046121e-02 7.928477e-02
6.656000e+00 5.472329e-02 9.606433e-02
6.688000e+00 5.888882e-02 1.097250e-01
6.720000e+00 6.295467e-02 1.195549e-01
6.752000e+00 6.691783e-02 1.249553e-01
6.784000e+00 7.077540e-02 1.254689e-01
6.816000e+00 7.452463e-02 1.208036e-01
6.848000e+00 7.816286e-02 1.108516e-01
6.880000e+00 8.168760e-02 9.570274e-02
6.912000e+00 8.509644e-02 7.565142e-02
6.944000e+00 8.838713e-02 5.119631e-02
6.976000e+00 9.155755e-02 2.303329e-02
7.008000e+00 9.460570e-02 -7.958919e-03
7.040000e+00 9.752971e-02 -4.073994e-02
7.072000e+00 1.003278e-01 -7.413523e-02
7.104000e+00 1.029985e-01 -1.068692e-01
7.136000e+00 1.055402e-01 -1.376030e-01
7.168000e+00 1.079517e-01 -1.649758e-01
7.200000e+00 1.102316e-01 -1.876480e-01
7.232000e+00 1.123791e-01 -2.043459e-01
7.264000e+00 1.143930e-01 -2.139054e-01
7.296000e+00 1.162727e-01 -2.153134e-01
7.328000e+00 1.180174e-01 -2.077458e-01
7.360000e+00 1.196266e-01 -1.906013e-01
7.392000e+00 1.211000e-01 -1.635282e-01
7.424000e+00 1.224372e-01 -1.264449e-01
7.456000e+00 1.236380e-01 -7.955204e-02
7.488000e+00 1.247026e-01 -2.333636e-02
7.520000e+00 1.256309e-01 4.143397e-02
7.552000e+00 1.264233e-01 1.137231e-01
7.584000e+00 1.270801e-01 1.922495e-01
7.616000e+00 1.276019e-01 2.755160e-01
7.648000e+00 1.279891e-01 3.618470e-01
7.680000e+00 1.282426e-01 4.494317e-01
7.712000e+00 1.283633e-01 5.363720e-01
7.744000e+00 1.283520e-01 6.207339e-01
7.776000e+00 1.282100e-01 7.006012e-01
7.808000e+00 1.279384e-01 7.741282e-01
7.840000e+00 1.275386e-01 8.395922e-01
7.872000e+00 1.270119e-01 8.954422e-01
7.904000e+00 1.263600e-01 9.403434e-01
7.936000e+00 1.255845e-01 9.732152e-01
7.968000e+00 1.246871e-01 9.932629e-01
8.000000e+00 1.236698e-01 1.000000e+00
8.032000e+00 1.225344e-01 9.932629e-01
8.064000e+00 1.212831e-01 9.732152e-01
8.096000e+00 1.199180e-01 9.403434e-01
8.128000e+00 1.184414e-01 8.954422e-01
8.160000e+00 1.168555e-01 8.395922e-01
8.192000e+00 1.151628e-01 7.741282e-01
8.224000e+00 1.133658e-01 7.006012e-01
8.256000e+00 1.114672e-01 6.207339e-01
8.288000e+00 1.094695e-01 5.363720e-01
8.320000e+00 1.073755e-01 4.494317e-01
8.352000e+00 1.051881e-01 3.618470e-01
8.384000e+00 1.029100e-01 2.755160e-01
8.416000e+00 1.005444e-01 1.922495e-01
8.448000e+00 9.809402e-02 1.137231e-01
8.480000e+00 9.556213e-02 4.143397e-02
8.512000e+00 9.295179e-02 -2.333636e-02
8.544000e+00 9.026619e-02 -7.955204e-02
8.576000e+00 8.750855e-02 -1.264449e-01
8.608000e+00 8.468214e-02 -1.635282e-01
8.640000e+00 8.179029e-02 -1.906013e-01
8.672000e+00 7.883634e-02 -2.077458e-01
8.704000e+00 7.582368e-02 -2.153134e-01
8.736000e+00 7.275575e-02 -2.139054e-01
8.768000e+00 6.963598e-02 -2.043459e-01
8.800000e+00 6.646786e-02 -1.876480e-01
8.832000e+00 6.325489e-02 -1.649758e-01
8.864000e+00 6.000058e-02 -1.376030e-01
8.896000e+00 5.670847e-02 -1.068692e-01
8.928000e+00 5.338211e-02 -7.413523e-02
8.960000e+00 5.002504e-02 -4.073994e-02
8.992000e+00 4.664082e-02 -7.958919e-03
9.024000e+00 4.323302e-02 2.303329e-02
9.056000e+00 3.980519e-02 5.119631e-02
9.088000e+00 3.636089e-02 7.565142e-02
9.120000e+00 3.290366e-02 9.570274e-02
9.152000e+00 2.943703e-02 1.108516e-01
9.184000e+00 2.596453e-02 1.208036e-01
9.216000e+00 2.248964e-02 1.254689e-01
9.248000e+00 1.901586e-02 1.249553e-01
9.280000e+00 1.554663e-02 1.195549e-01
9.312000e+00 1.208538e-02 1.097250e-01
9.344000e+00 8.635503e-03 9.606433e-02
9.376000e+00 5.200365e-03 7.928477e-02
9.408000e+00 1.783288e-03 6.018075e-02
9.440000e+00 -1.612442e-03 3.959666e-02
9.472000e+00 -4.983582e-03 1.839387e-02
9.504000e+00 -8.326936e-03 -2.581538e-03
9.536000e+00 -1.163935e-02 -2.252927e-02
9.568000e+00 -1.491774e-02 -4.072250e-02
9.600000e+00 -1.815904e-02 -5.653178e-02
9.632000e+00 -2.136027e-02 -6.944453e-02
9.664000e+00 -2.451851e-02 -7.907951e-02
9.696000e+00 -2.763088e-02 -8.519599e-02
9.728000e+00 -3.069457e-02 -8.769728e-02
9.760000e+00 -3.370685e-02 -8.662893e-02
9.792000e+00 -3.666504e-02 -8.217168e-02
9.824000e+00 -3.956654e-02 -7.462956e-02
9.856000e+00 -4.240882e-02 -6.441389e-02
9.888000e+00 -4.518941e-02 -5.202380e-02
9.920000e+00 -4.790595e-02 -3.802409e-02
9.952000e+00 -5.055612e-02 -2.302138e-02
9.984000e+00 -5.313771e-02 -7.639501e-03
1.001600e+01 -5.564857e-02 7.504932e-03
1.004800e+01 -5.808663e-02 2.182594e-02
1.008000e+01 -6.044993e-02 3.478960e-02
1.011200e+01 -6.273657e-02 4.593283e-02
1.014400e+01 -6.494476e-02 5.487890e-02
1.017600e+01 -6.707276e-02 6.134912e-02
1.020800e+01 -6.911896e-02 6.517039e-02
1.024000e+01 -7.108182e-02 6.627859e-02
1.027200e+01 -7.295990e-02 6.471755e-02
1.030400e+01 -7.475184e-02 6.063401e-02
1.033600e+01 -7.645638e-02 5.426873e-02
1.036800e+01 -7.807236e-02 4.594422e-02
1.040000e+01 -7.959870e-02 3.604980e-02
1.043200e+01 -8.103442e-02 2.502435e-02
1.046400e+01 -8.237865e-02 1.333784e-02
1.049600e+01 -8.363058e-02 1.472002e-03
1.052800e+01 -8.478954e-02 -1.009872e-02
1.056000e+01 -8.585491e-02 -2.092550e-02
1.059200e+01 -8.682621e-02 -3.060195e-02
1.062400e+01 -8.770302e-02 -3.877871e-02
1.065600e+01 -8.848504e-02 -4.517556e-02
1.068800e+01 -8.917204e-02 -4.959039e-02
1.072000e+01 -8.976391e-02 -5.190491e-02
1.075200e+01 -9.026062e-02 -5.208696e-02
1.078400e+01 -9.066223e-02 -5.018939e-02
1.081600e+01 -9.096892e-02 -4.634561e-02
1.084800e+01 -9.118092e-02 -4.076215e-02
1.088000e+01 -9.129860e-02 -3.370855e-02
1.091200e+01 -9.132237e-02 -2.550507e-02
1.094400e+01 -9.125277e-02 -1.650869e-02
1.097600e+01 -9.109042e-02 -7.098073e-03
1.100800e+01 -9.083601e-02 2.341901e-03
1.104000e+01 -9.049034e-02 1.143550e-02
1.107200e+01 -9.005428e-02 1.983071e-02
1.110400e+01 -8.952879e-02 2.721249e-02
1.113600e+01 -8.891492e-02 3.331426e-02
1.116800e+01 -8.821378e-02 3.792715e-02
1.120000e+01 -8.742658e-02 4.090678e-02
1.123200e+01 -8.655461e-02 4.217729e-02
1.126400e+01 -8.559922e-02 4.173258e-02
1.129600e+01 -8.456184e-02 3.963478e-02
1.132800e+01 -8.344399e-02 3.601003e-02
1.136000e+01 -8.224724e-02 3.104187e-02
1.139200e+01 -8.097323e-02 2.496251e-02
1.142400e+01 -7.962368e-02 1.804242e-02
1.145600e+01 -7.820037e-02 1.057859e-02
1.148800e+01 -7.670514e-02 2.882133e-03
1.152000e+01 -7.513990e-02 -4.734433e-03
1.155200e+01 -7.350661e-02 -1.196964e-02
1.158400e+01 -7.180728e-02 -1.854475e-02
1.161600e+01 -7.004399e-02 -2.421429e-02
1.164800e+01 -6.821887e-02 -2.877494e-02
1.168000e+01 -6.633410e-02 -3.207265e-02
1.171200e+01 -6.439188e-02 -3.400747e-02
1.174400e+01 -6.239450e-02 -3.453624e-02
1.177600e+01 -6.034427e-02 -3.367293e-02
1.180800e+01 -5.824352e-02 -3.148661e-02
1.184000e+01 -5.609466e-02 -2.809743e-02
1.187200e+01 -5.390009e-02 -2.367054e-02
1.190400e+01 -5.166229e-02 -1.840837e-02
1.193600e+01 -4.938373e-02 -1.254174e-02
1.196800e+01 -4.706692e-02 -6.319860e-03
1.200000e+01 -4.471441e-02 1.072059e-15
1.203200e+01 -4.232875e-02 6.163000e-03
1.206400e+01 -3.991252e-02 1.192684e-02
1.209600e+01 -3.746831e-02 1.707114e-02
1.212800e+01 -3.499874e-02 2.140571e-02
1.216000e+01 -3.250642e-02 2.477740e-02
1.219200e+01 -2.999400e-02 2.707533e-02
1.222400e+01 -2.746409e-02 2.823430e-02
1.225600e+01 -2.491935e-02 2.823629e-02
1.228800e+01 -2.236241e-02 2.710997e-02
1.232000e+01 -1.979592e-02 2.492851e-02
1.235200e+01 -1.722251e-02 2.180546e-02
1.238400e+01 -1.464481e-02 1.788926e-02
1.241600e+01 -1.206545e-02 1.335643e-02
1.244800e+01 -9.487016e-03 8.403815e-03
1.248000e+01 -6.912121e-03 3.240146e-03
1.251200e+01 -4.343337e-03 -1.922583e-03
1.254400e+01 -1.783223e-03 -6.877724e-03
1.257600e+01 7.656836e-04 -1.143214e-02
1.260800e+01 3.300870e-03 -1.541360e-02
1.264000e+01 5.819848e-03 -1.867723e-02
1.267200e+01 8.320160e-03 -2.111060e-02
1.270400e+01 1.079938e-02 -2.263745e-02
1.273600e+01 1.325511e-02 -2.321988e-02
1.276800e+01 1.568499e-02 -2.285885e-02
1.280000e+01 1.808671e-02 -2.159322e-02
1.283200e+01 2.045797e-02 -1.949718e-02
1.286400e+01 2.279654e-02 -1.667639e-02
1.289600e+01 2.510022e-02 -1.326293e-02
1.292800e+01 2.736686e-02 -9.409244e-03
1.296000e+01 2.959435e-02 -5.281546e-03
1.299200e+01 3.178064e-02 -1.052702e-03
1.302400e+01 3.392373e-02 3.104899e-03
1.305600e+01 3.602166e-02 7.026293e-03
1.308800e+01 3.807255e-02 1.056041e-02
1.312000e+01 4.007454e-02 1.357584e-02
1.315200e+01 4.202585e-02 1.596557e-02
1.318400e+01 4.392477e-02 1.765073e-02
1.321600e+01 4.576962e-02 1.858299e-02
1.324800e+01 4.755881e-02 1.874573e-02
1.328000e+01 4.929080e-02 1.815385e-02
1.331200e+01 5.096412e-02 1.685227e-02
1.334400e+01 5.257735e-02 1.491338e-02
1.337600e+01 5.412916e-02 1.243325e-02
1.340800e+01 5.561826e-02 9.527158e-03
1.344000e+01 5.704347e-02 6.324318e-03
1.347200e+01 5.840363e-02 2.962268e-03
1.350400e+01 5.969769e-02 -4.189672e-04
1.353600e+01 6.092466e-02 -3.682646e-03
1.356800e+01 6.208360e-02 -6.700782e-03
1.360000e+01 6.317366e-02 -9.359111e-03
1.363200e+01 6.419408e-02 -1.156135e-02
1.366400e+01 6.514414e-02 -1.323262e-02
1.369600e+01 6.602322e-02 -1.432183e-02
1.372800e+01 6.683075e-02 -1.480312e-02
1.376000e+01 6.756626e-02 -1.467612e-02
1.379200e+01 6.822933e-02 -1.396522e-02
1.382400e+01 6.881964e-02 -1.271782e-02
1.385600e+01 6.933691e-02 -1.100166e-02
1.388800e+01 6.978098e-02 -8.901445e-03
1.392000e+01 7.015171e-02 -6.514795e-03
1.395200e+01 7.044908e-02 -3.947859e-03
1.398400e+01 7.067312e-02 -1.310658e-03
1.401600e+01 7.082393e-02 1.287571e-03
1.404800e+01 7.090171e-02 3.742857e-03
1.408000e+01 7.090671e-02 5.960618e-03
1.411200e+01 7.083924e-02 7.859259e-03
1.414400e+01 7.069971e-02 9.373122e-03
1.417600e+01 7.048858e-02 1.045467e-02
1.420800e+01 7.020639e-02 1.107582e-02
1.424000e+01 6.985375e-02 1.122849e-02
1.427200e+01 6.943132e-02 1.092419e-02
1.430400e+01 6.893985e-02 1.019285e-02
1.433600e+01 6.838014e-02 9.080951e-03
1.436800e+01 6.775307e-02 7.648945e-03
1.440000e+01 6.705957e-02 5.968219e-03
1.443200e+01 6.630063e-02 4.117692e-03
1.446400e+01 6.547731e-02 2.180209e-03
1.449600e+01 6.459073e-02 2.388965e-04
1.452800e+01 6.364207e-02 -1.626363e-03
1.456000e+01 6.263256e-02 -3.342190e-03
1.459200e+01 6.156349e-02 -4.844566e-03
1.462400e+01 6.043619e-02 -6.081187e-03
1.465600e+01 5.925208e-02 -7.013220e-03
1.468800e+01 5.801258e-02 -7.616411e-03
1.472000e+01 5.671921e-02 -7.881516e-03
1.475200e+01 5.537349e-02 -7.814060e-03
1.478400e+01 5.397703e-02 -7.433466e-03
1.481600e+01 5.253145e-02 -6.771600e-03
1.484800e+01 5.103843e-02 -5.870830e-03
1.488000e+01 4.949968e-02 -4.781700e-03
1.491200e+01 4.791697e-02 -3.560332e-03
1.494400e+01 4.629207e-02 -2.265688e-03
1.497600e+01 4.462682e-02 -9.568236e-04
1.500800e+01 4.292308e-02 3.097561e-04
1.504000e+01 4.118273e-02 1.482504e-03
1.507200e+01 3.940769e-02 2.516914e-03
1.510400e+01 3.759991e-02 3.377186e-03
1.513600e+01 3.576136e-02 4.037423e-03
1.516800e+01 3.389402e-02 4.482310e-03
1.520000e+01 3.199991e-02 4.707267e-03
1.523200e+01 3.008107e-02 4.718100e-03
1.526400e+01 2.813954e-02 4.530159e-03
1.529600e+01 2.617737e-02 4.167092e-03
1.532800e+01 2.419666e-02 3.659248e-03
1.536000e+01 2.219947e-02 3.041827e-03
1.539200e+01 2.018790e-02 2.352879e-03
1.542400e+01 1.816406e-02 1.631250e-03
1.545600e+01 1.613003e-02 9.145787e-04
1.548800e+01 1.408792e-02 2.374466e-04
1.552000e+01 1.203985e-02 -3.702337e-04
1.555200e+01 9.987895e-03 -8.845224e-04
1.558400e+01 7.934165e-03 -1.288387e-03
1.561600e+01 5.880744e-03 -1.572234e-03
1.564800e+01 3.829712e-03 -1.734022e-03
1.568000e+01 1.783139e-03 -1.778965e-03
1.571200e+01 -2.569196e-04 -1.718848e-03
1.574400e+01 -2.288423e-03 -1.571004e-03
1.577600e+01 -4.309347e-03 -1.357022e-03
1.580800e+01 -6.317685e-03 -1.101252e-03
1.584000e+01 -8.311453e-03 -8.291898e-04
1.587200e+01 -1.028869e-02 -5.658485e-04
1.590400e+01 -1.224745e-02 -3.341886e-04
1.593600e+01 -1.418584e-02 -1.537002e-04
1.596800e+01 -1.610196e-02 -3.921348e-05
